774 56
773 57
772 57
771 58
769 58
768 59
766 59
765 60
764 60
763 61
762 61
761 62
760 62
759 63
757 63
756 64
755 64
754 65
753 65
752 66
751 66
750 67
748 67
747 68
746 68
745 69
743 69
742 70
740 70
739 71
737 71
736 72
735 72
734 73
731 73
730 74
728 74
727 75
726 75
725 76
724 76
723 77
721 77
720 78
719 78
718 79
715 79
714 80
713 80
712 81
710 81
709 82
708 82
707 83
705 83
704 84
703 84
702 85
701 85
700 86
699 86
698 87
696 87
695 88
694 88
693 89
692 89
691 90
690 90
689 91
688 91
687 92
686 92
684 94
682 94
681 95
680 95
678 97
677 97
676 98
675 98
674 99
673 99
672 100
671 100
670 101
669 101
668 102
667 102
666 103
665 103
663 105
662 105
661 106
660 106
659 107
658 107
654 111
653 111
652 112
651 112
649 114
648 114
647 115
646 115
644 117
643 117
639 121
638 121
632 127
631 127
631 128
630 129
629 129
623 135
622 135
605 152
604 152
601 155
601 156
593 164
593 165
592 166
591 166
591 167
587 171
587 172
584 175
584 176
582 178
582 179
580 181
580 182
579 183
579 184
578 185
578 186
575 189
575 190
573 192
573 193
571 195
571 196
568 199
568 200
565 203
565 204
563 206
563 207
561 209
561 210
559 212
559 213
557 215
557 216
555 218
555 219
554 220
554 221
552 223
552 224
551 225
551 226
550 227
550 228
548 230
548 231
547 232
547 233
546 234
546 235
545 236
545 237
544 238
544 239
543 240
543 241
542 242
542 243
541 244
541 246
540 247
540 248
539 249
539 250
538 251
538 252
537 253
537 255
536 256
536 258
535 259
535 262
533 264
533 266
532 267
532 268
531 269
531 271
530 272
530 273
529 274
529 276
528 277
528 278
527 279
527 282
526 283
526 286
525 287
525 292
524 293
524 296
523 297
523 300
522 301
522 305
521 306
521 309
520 310
520 311
519 312
519 320
518 321
518 325
517 326
517 331
516 332
516 337
515 338
515 345
514 346
514 358
513 359
513 397
514 398
514 414
515 415
515 436
516 437
516 445
517 446
517 454
518 455
518 468
519 469
519 481
520 482
520 486
521 487
521 505
520 506
514 506
513 505
513 500
512 499
512 494
511 493
511 490
510 489
510 486
509 485
509 479
508 478
508 470
507 469
507 465
506 464
506 462
505 461
505 457
504 456
504 452
503 451
503 449
502 448
502 445
501 444
501 442
500 441
500 437
499 436
499 434
498 433
498 430
497 429
497 427
496 426
496 424
495 423
495 420
494 419
494 417
493 416
493 415
492 414
492 412
491 411
491 409
490 408
490 406
489 405
489 403
488 402
488 399
487 398
487 397
486 396
486 394
485 393
485 392
484 391
484 389
483 388
483 387
482 386
482 383
481 382
481 381
480 380
480 378
479 377
479 376
478 375
478 374
477 373
477 372
476 371
476 370
475 369
475 367
474 366
474 364
473 363
473 362
472 361
472 360
471 359
471 358
470 357
470 356
469 355
469 354
468 353
468 352
467 351
467 350
466 349
466 348
464 346
464 344
462 342
462 341
461 340
461 339
460 338
460 337
458 335
458 334
457 333
457 332
455 330
455 329
453 327
453 326
452 325
452 324
451 323
451 322
449 320
449 319
447 317
447 316
446 315
446 314
444 312
444 311
441 308
441 307
439 305
439 304
436 301
436 300
434 298
434 297
428 291
428 290
423 285
423 284
407 268
406 268
398 260
397 260
393 256
392 256
390 254
389 254
385 250
384 250
383 249
382 249
379 246
378 246
377 245
376 245
375 244
374 244
372 242
371 242
369 240
368 240
367 239
366 239
365 238
364 238
362 236
361 236
360 235
359 235
358 234
357 234
355 232
354 232
353 231
352 231
351 230
349 230
347 228
345 228
344 227
343 227
342 226
341 226
340 225
339 225
338 224
337 224
336 223
335 223
334 222
332 222
331 221
330 221
329 220
327 220
326 219
325 219
324 218
322 218
321 217
320 217
319 216
317 216
316 215
314 215
313 214
311 214
310 213
309 213
308 212
305 212
304 211
301 211
300 210
297 210
296 209
293 209
292 208
289 208
288 207
284 207
283 206
278 206
277 205
273 205
272 204
264 204
263 203
237 203
236 204
223 204
222 205
217 205
216 206
210 206
209 207
204 207
203 208
200 208
199 209
194 209
193 210
189 210
188 211
183 211
182 212
179 212
178 213
175 213
174 214
170 214
169 215
165 215
164 216
158 216
158 227
159 228
159 230
160 231
160 232
161 233
161 234
162 235
162 236
163 237
163 239
165 241
165 243
166 244
166 245
167 246
167 249
168 250
168 252
169 253
169 255
170 256
170 257
171 258
171 259
172 260
172 261
173 262
173 263
175 265
175 267
176 268
176 269
177 270
177 271
178 272
178 273
179 274
179 275
181 277
181 279
183 281
183 283
184 284
184 285
185 286
185 287
187 289
187 290
188 291
188 292
189 293
189 294
190 295
190 296
191 297
191 298
192 299
192 300
193 301
193 302
194 303
194 304
195 305
195 306
197 308
197 309
199 311
199 312
200 313
200 314
202 316
202 317
204 319
204 320
206 322
206 323
209 326
209 327
211 329
211 330
217 336
217 337
219 339
219 340
232 353
232 354
235 357
236 357
237 358
237 359
258 380
259 380
264 385
265 385
274 394
275 394
277 396
278 396
281 399
282 399
285 402
286 402
290 406
291 406
293 408
294 408
296 410
297 410
300 413
301 413
304 416
305 416
306 417
307 417
309 419
310 419
313 422
314 422
316 424
317 424
319 426
320 426
322 428
323 428
325 430
326 430
328 432
329 432
331 434
332 434
334 436
335 436
337 438
338 438
340 440
341 440
342 441
343 441
344 442
345 442
347 444
348 444
350 446
351 446
353 448
354 448
355 449
356 449
357 450
358 450
359 451
360 451
361 452
362 452
363 453
364 453
365 454
366 454
368 456
370 456
372 458
374 458
376 460
378 460
379 461
380 461
381 462
382 462
384 464
386 464
388 466
390 466
392 468
393 468
394 469
395 469
396 470
397 470
398 471
399 471
400 472
402 472
404 474
405 474
406 475
407 475
408 476
409 476
410 477
411 477
412 478
415 478
416 479
417 479
418 480
421 480
422 481
423 481
424 482
425 482
426 483
428 483
429 484
431 484
433 486
436 486
437 487
438 487
439 488
440 488
441 489
443 489
444 490
446 490
447 491
449 491
450 492
451 492
452 493
455 493
456 494
457 494
458 495
460 495
461 496
463 496
465 498
468 498
469 499
470 499
471 500
472 500
473 501
475 501
476 502
477 502
478 503
479 503
480 504
482 504
484 506
486 506
487 507
488 507
489 508
490 508
492 510
492 511
493 512
493 514
494 515
494 516
495 517
495 518
496 519
496 520
497 521
497 522
498 523
498 525
499 526
499 528
500 529
500 530
501 531
501 533
502 534
502 535
503 536
503 539
504 540
504 542
505 543
505 545
506 546
506 548
507 549
507 552
508 553
508 555
509 556
509 559
510 560
510 566
511 567
511 580
512 581
512 602
511 603
511 638
510 639
510 663
509 664
509 673
510 674
510 688
509 689
508 689
508 696
517 696
517 664
518 663
518 641
519 640
519 618
520 617
520 609
521 608
521 603
522 602
522 596
523 595
523 587
524 586
524 579
525 578
525 569
526 568
526 563
527 562
527 556
528 555
528 551
529 550
529 546
530 545
530 541
531 540
531 537
532 536
532 533
533 532
533 527
534 526
534 524
535 523
535 520
536 519
536 517
537 516
537 513
538 512
538 510
539 509
539 507
540 506
540 504
541 503
541 501
542 500
542 498
543 497
543 496
544 495
544 494
545 493
545 492
549 488
549 487
552 484
552 483
558 477
558 476
560 474
560 473
561 472
562 472
562 471
569 464
569 463
583 449
584 449
589 444
590 444
601 433
602 433
623 412
623 411
627 407
628 407
633 402
633 401
634 400
635 400
646 389
647 389
655 381
656 381
670 367
670 366
671 365
672 365
672 364
679 357
679 356
683 352
684 352
684 351
685 350
686 350
693 343
694 343
701 336
702 336
710 328
710 327
721 316
721 315
726 310
726 309
728 307
728 306
730 304
730 303
733 300
733 299
735 297
735 296
736 295
736 294
738 292
738 291
740 289
740 288
741 287
741 286
743 284
743 283
745 281
745 280
746 279
746 278
747 277
747 276
749 274
749 273
750 272
750 271
752 269
752 267
754 265
754 264
755 263
755 262
756 261
756 260
757 259
757 258
758 257
758 256
759 255
759 254
760 253
760 251
762 249
762 247
763 246
763 245
764 244
764 243
765 242
765 241
766 240
766 238
767 237
767 235
768 234
768 233
769 232
769 230
770 229
770 228
771 227
771 225
772 224
772 222
773 221
773 220
774 219
774 216
775 215
775 214
776 213
776 210
777 209
777 207
778 206
778 203
779 202
779 200
780 199
780 195
781 194
781 191
782 190
782 185
783 184
783 181
784 180
784 172
785 171
785 162
786 161
786 128
785 127
785 118
784 117
784 103
783 102
783 98
782 97
782 68
781 67
781 58
780 57
780 56
